1 1 717.54 179.53 855.46 277.21 0.9
1 2 687.74 180.55 758.28 239.77 0.9
1 3 780.12 174.38 1221.3 374.81 0.9
1 4 383.09 193.62 462.45 247.71 0.9
1 5 636.44 179.25 665.26 202.99 0.9
1 6 496.42 189.23 527.58 212.55 0.9
1 7 509.01 188.82 537.02 209.72 0.9
2 1 723.37 180.64 880.31 288.73 0.9
2 2 692.35 180.94 767.52 244.5 0.9
2 4 372.24 195.71 456.93 253.27 0.9
2 3 804.96 164.54 1243 374.13 0.9
2 6 494.18 190.69 525.58 214.79 0.9
2 5 637.29 181.01 666.49 204.9 0.9
2 7 507.36 190.73 535.75 211.14 0.9
3 1 736.02 180.84 911.15 300.16 0.9
3 4 357.99 193.56 448.92 254.92 0.9
3 2 697.73 180.06 781.87 248.52 0.9
3 3 845.6 164.27 1235.9 375.44 0.9
3 5 638.05 178.92 667.47 203.09 0.9
3 6 491.36 189.26 523.24 213.45 0.9
3 7 504.27 188.78 534.22 210.07 0.9
4 4 344.19 191.56 439.91 256.99 0.9
4 1 747.55 177.96 959.31 317.79 0.9
4 2 702.73 177.69 793.78 252.23 0.9
4 3 894.02 174.73 1234.6 375.98 0.9
4 6 486.94 186.73 521.58 212.5 0.9
4 5 638.57 176.24 669.44 201.59 0.9
4 7 502.05 186.72 533.15 208.14 0.9
5 1 762.4 176.32 1014.7 335.7 0.9
5 2 709.62 176.64 808.04 256.77 0.9
5 4 328.84 191.25 431.56 260.71 0.9
5 3 961.69 154.64 1240.3 374.09 0.9
5 6 484.42 184.99 519.41 211.59 0.9
5 5 639.35 175.06 671.72 201.51 0.9
5 7 499.62 185.44 531.33 207.58 0.9
6 2 717.01 176.18 826.23 263.6 0.9
6 1 783.96 174.43 1099.4 366.7 0.9
6 6 480.48 184.57 517.33 211.67 0.9
6 4 310.73 192.93 423.68 265.27 0.9
6 5 639.85 173.87 672.8 201.06 0.9
6 3 1049.4 174.5 1242.3 372.38 0.9
6 7 496.53 184.18 528.8 206.99 0.9
6 8 308.05 191.97 356.48 214.43 0.9
7 4 289.93 194.04 410.64 271.91 0.9
7 2 724.99 175.95 850.63 272.69 0.9
7 1 811.3 175 1202.2 376 0.9
7 6 477.11 185.4 515.8 213.07 0.9
7 5 641.12 174.58 675.13 202.57 0.9
7 7 494.51 185.59 527.53 208.6 0.9
7 9 262.22 194.51 310.96 217.76 0.9
7 8 298.6 191.79 358.15 219.89 0.9
8 4 263.92 195.7 398.66 279.61 0.9
8 2 736.41 176.13 879.34 285.68 0.9
8 6 473.48 186.5 512.53 215.75 0.9
8 5 641.71 175.63 677.14 204.17 0.9
8 1 835.61 179.08 1229.5 375.4 0.9
8 9 251.96 195.56 306.43 219.91 0.9
8 7 489.49 186.02 525.05 210.67 0.9
9 4 236.12 198.95 382.94 289.33 0.9
9 2 749.53 175.94 912.47 298.65 0.9
9 6 468.38 187.5 510.5 216.48 0.9
9 1 877.75 186.99 1236.9 375.82 0.9
9 5 642.25 176.15 679 205.25 0.9
9 9 239.27 195.9 304.32 222.25 0.9
9 7 486.09 186.27 523.91 212.66 0.9
10 4 201.67 202.18 368.1 302.95 0.9
10 2 760.35 176.66 953.89 318.91 0.9
10 6 463.77 187.93 507.72 217.75 0.9
10 9 229.72 196.29 293.93 224.81 0.9
10 5 643.95 176.7 681.46 206.44 0.9
10 1 936.98 193.7 1238.7 375.78 0.9
10 7 482.97 187.41 521.08 213.35 0.9
10 10 195.99 199.2 253.59 226.05 0.9
11 4 162.95 203.67 345.44 311.77 0.9
11 2 778.99 178.85 1015.2 346 0.9
11 6 459.55 187.9 504.63 218.53 0.9
11 5 645.49 175.87 682.87 207.22 0.9
11 9 217.58 196.57 285.95 226.78 0.9
11 7 479.23 186.6 519.32 213.96 0.9
11 1 1016.3 192.83 1239.4 373.31 0.9
11 10 181.05 199.3 249.97 227.61 0.9
11 11 263.66 194.39 327.43 225.88 0.9
12 4 110.92 206.56 324.62 326.39 0.9
12 2 801.86 180.24 1092.6 374.92 0.9
12 6 453.99 187.51 501.46 219.82 0.9
12 5 645.35 175.16 685.31 207.43 0.9
12 9 203.55 196.39 276.11 227.96 0.9
12 10 171.02 199.67 235.18 228.01 0.9
12 7 477.06 185.53 516.25 214.11 0.9
12 11 254.19 195.36 319.26 228.1 0.9
12 12 131.5 203.2 196.64 227.46 0.9
12 13 502.9 180.53 534.55 207.42 0.9
13 4 51.374 206.1 300.02 345.82 0.9
13 6 448.04 187.45 498.4 221.4 0.9
13 2 826.63 179.58 1208.6 375.67 0.9
13 5 646.87 175.07 687.81 208.81 0.9
13 9 194.19 196.95 265.53 227.82 0.9
13 7 471.23 187.07 515.2 216.04 0.9
13 12 111.14 203.06 184.7 231.74 0.9
13 11 244.76 196.06 310.48 226.26 0.9
13 10 158.95 200.37 227.9 229.69 0.9
13 13 499.02 180.38 532.54 209.16 0.9
14 4 1.398 207.81 270.59 364.95 0.9
14 6 442.57 189.24 494.71 224 0.9
14 9 186.33 199.28 255.64 230.17 0.9
14 7 467.29 187.76 511.24 217.68 0.9
14 2 855.18 179.91 1232 374.49 0.9
14 5 647.97 175.86 690.78 209.59 0.9
14 11 236.76 198.94 298.46 227.62 0.9
14 12 99.004 204.18 170.12 233.42 0.9
14 13 497.44 181.01 531.84 209.87 0.9
14 10 141.53 202.46 212.99 231.7 0.9
15 4 5.095 207.83 248.02 375.35 0.9
15 9 173.56 199.46 245.63 230.69 0.9
15 6 437.19 189.12 491.81 225.02 0.9
15 7 464.36 187.36 509.38 218.15 0.9
15 5 649.78 175.38 694.1 210.31 0.9
15 11 226.85 198.6 295.38 228.54 0.9
15 2 923.6 190.6 1239.2 375.74 0.9
15 12 84.522 203.97 157.02 234.97 0.9
15 10 131.42 201.4 201.46 232.29 0.9
15 13 494.07 180.47 529.15 208.71 0.9
16 9 161.08 199.9 238.91 232.44 0.9
16 10 117.97 202.5 193.67 232.72 0.9
16 4 1.184 208.6 194.73 372.99 0.9
16 7 460.33 186.83 506.36 219.27 0.9
16 6 430.12 188.37 487.51 226.01 0.9
16 5 650.25 174.76 696.75 209.9 0.9
16 11 214.52 198.91 287.29 229.97 0.9
16 12 70.957 203.9 146.83 233.48 0.9
16 2 992.51 199.55 1242 373.82 0.9
16 13 491 179.77 526.25 209.44 0.9
17 9 145.56 199.96 226.53 233.76 0.9
17 6 424.28 188.9 484.51 227.76 0.9
17 7 456.24 187.16 503.82 220.53 0.9
17 10 103.03 203.12 183.54 235.21 0.9
17 11 201.31 199.88 275.87 232.38 0.9
17 4 1.664 214.92 144.83 371.28 0.9
17 5 652.25 175.31 699.47 210.48 0.9
17 12 48.69 204.25 142.6 237.93 0.9
17 13 488.76 179.27 524.41 209.88 0.9
18 9 133.03 201.66 214.8 236.76 0.9
18 7 450.31 186.56 500.35 221.52 0.9
18 6 416.91 188.91 479.4 230.69 0.9
18 10 86.469 205.02 172.4 240.04 0.9
18 12 32.216 207.32 127.12 241.51 0.9
18 5 654.77 174.88 704.66 210.64 0.9
18 13 483.99 179.24 522.61 210.77 0.9
18 11 187.75 200.37 266.12 234.82 0.9
18 14 631.38 173.76 676.86 196.24 0.9
19 7 445.47 188.34 497.26 223.89 0.9
19 6 408.75 190.18 474.23 233.9 0.9
19 10 70.611 206.24 160.92 241.87 0.9
19 5 654.52 174 706.8 213.87 0.9
19 12 10.37 208.25 112.47 244.64 0.9
19 9 112.61 202.82 205.49 239.19 0.9
19 13 480.55 179.67 520.34 213.11 0.9
19 11 169.34 199.91 256.79 236.67 0.9
19 15 496.24 181.03 530.96 207.08 0.9
19 14 638.73 174.31 674.11 192.74 0.9
20 5 655.93 175.92 710.7 218.03 0.9
20 6 400.71 193.66 469.12 238.73 0.9
20 7 439.97 190.46 493.77 227.31 0.9
20 9 96.697 205.7 193.15 243.74 0.9
20 12 2.669 209.8 98.658 248.14 0.9
20 13 477.39 182.5 518.22 215.53 0.9
20 10 50.262 208.31 147.35 246.53 0.9
20 15 493.98 184.02 528.93 210.63 0.9
20 14 646.78 177.56 674.5 194.83 0.9
20 11 156.46 204.86 240.16 243.23 0.9
21 5 659.8 177.57 714.66 219.46 0.9
21 7 431.97 193.23 490.25 231.17 0.9
21 13 473.13 184.22 515.75 218.42 0.9
21 6 390.61 195.09 463.65 243.31 0.9
21 10 31.276 212.37 131.08 249.77 0.9
21 12 1 213.78 79.744 252.31 0.9
21 9 76.903 208.07 182.03 248.28 0.9
21 15 491.39 184.84 527.95 212.76 0.9
22 7 427.03 191.54 486.32 231.52 0.9
22 5 660.99 175.28 719.57 221.15 0.9
22 13 469.38 182.51 513.49 217.67 0.9
22 6 379.63 194.25 456.72 244.85 0.9
22 10 8.568 209.7 112.65 249.05 0.9
22 9 57.06 205.61 170.4 248.18 0.9
22 15 488.55 183.43 526.02 211.97 0.9
22 12 1.955 211.05 57.887 248.62 0.9
23 13 463.99 181.05 510.11 217.56 0.9
23 7 418.68 190.17 481.67 231.91 0.9
23 5 662.86 174.82 724 221.55 0.9
23 6 367.85 192.44 448.5 247.21 0.9
23 9 34.682 204.74 151.64 248.55 0.9
23 12 2.076 208.15 94.677 248.09 0.9
23 15 485.46 182.3 522.82 211.02 0.9
24 7 410.93 190.01 477.06 233.34 0.9
24 13 459.41 180.44 507.6 218.12 0.9
24 5 663.62 174.72 730.41 224.59 0.9
24 6 353.7 193.24 442.1 250.64 0.9
24 9 12.359 204.06 136.69 251.35 0.9
24 15 482.39 181.75 521.21 210.91 0.9
24 12 2.074 206.97 76.224 248.96 0.9
25 6 340.32 192.2 434.55 254.6 0.9
25 13 454.51 180.07 502.93 218.51 0.9
25 7 403.27 189.59 471.7 234.54 0.9
25 5 666.16 174.67 736.05 225.77 0.9
25 15 479.24 180.95 518.55 210.75 0.9
25 9 2.778 203.48 124.19 252.12 0.9
