1 1 572.55 174.89 610.24 210.46 0.9
1 2 255.45 174.81 305.71 203.45 0.9
1 3 324.32 177.02 359.85 196.95 0.9
2 2 242.45 173.7 295.57 203.24 0.9
2 1 572.82 174.16 610.42 210.1 0.9
2 3 315.7 175.68 352.27 196.65 0.9
3 1 572.77 173.93 610.59 210.18 0.9
3 2 226.57 173.41 283.87 204.07 0.9
3 3 306.3 175.25 344.8 196.87 0.9
4 1 572.94 173.03 610.84 210.12 0.9
4 2 210.15 172.03 271.2 203.85 0.9
4 3 296.33 174.61 336.89 196.54 0.9
5 1 573.15 172.2 610.95 209.78 0.9
5 2 193.16 170.64 257.51 204 0.9
5 3 286.06 173.19 328.68 195.9 0.9
6 1 573.52 171.69 611.34 209.38 0.9
6 2 172.68 169.6 243.53 204.24 0.9
6 3 274.34 172.41 319.89 196.4 0.9
7 2 151.54 169.04 228.21 206.28 0.9
7 1 573.76 172.11 611.79 209.72 0.9
7 3 262.61 172.48 310.08 197.62 0.9
8 1 573.73 172.9 612.14 210.79 0.9
8 3 250.03 172.88 298.89 198.91 0.9
8 2 127.73 169.27 210.07 208.59 0.9
9 3 235.16 174.16 287.44 201.26 0.9
9 1 573.73 174.39 612.81 212.32 0.9
9 2 100.06 169.62 189.21 212.31 0.9
9 4 383.93 175.43 408.06 189.14 0.9
10 3 220.54 174.92 275.73 203.32 0.9
10 1 574.62 175.27 613.24 213.59 0.9
10 2 69.023 169.72 165.76 215.14 0.9
10 4 379.65 175.78 404.1 190.17 0.9
11 3 201.94 176.59 261.72 205.85 0.9
11 1 574.73 176.78 613.44 215.22 0.9
11 2 34.159 171.6 141.06 219.24 0.9
11 4 372.56 177.29 401.61 193.15 0.9
12 3 183.53 176.82 247.73 207.89 0.9
12 1 575.15 176.8 614.29 215.86 0.9
12 2 2.081 171.62 115.72 222.74 0.9
12 4 368.15 177.24 397.25 193.33 0.9
13 3 162.96 177.83 231.69 209.64 0.9
13 1 575.32 177 614.56 215.96 0.9
13 2 2.246 172.34 82.532 224.96 0.9
13 4 361.36 177.85 392.21 194.08 0.9
14 1 575.64 176.59 615.18 215.85 0.9
14 3 139.74 177.74 214.35 210.76 0.9
14 4 355.23 177.24 388.55 193.76 0.9
14 2 1 170.35 50.13 222.16 0.9
15 1 575.64 175.8 615.28 215.6 0.9
15 3 112.92 176.41 194.49 212.56 0.9
15 4 348.18 176.96 383.1 193.73 0.9
16 1 575.56 174.65 615.53 214.96 0.9
16 3 82.724 175.88 172.03 214.42 0.9
16 4 341.19 176.04 376.7 193.57 0.9
17 1 575.2 173.84 615.67 214.85 0.9
17 3 48.754 174.87 147.1 216.63 0.9
17 4 334.19 175.57 369.56 193.93 0.9
18 1 575.07 173.7 615.52 214.26 0.9
18 3 10.495 174.63 118.21 218.16 0.9
18 4 325.17 175.2 362.82 193.94 0.9
19 1 574.81 173.57 615.29 213.99 0.9
19 3 1.762 173.49 86.508 220.21 0.9
19 4 316.87 175.17 355.38 194.67 0.9
20 1 574.71 173.34 615.64 213.83 0.9
20 4 306.2 174.52 347.77 195.12 0.9
20 3 1.138 170.37 55.364 219.01 0.9
21 1 574.3 175 615.35 215.72 0.9
21 4 297.06 176.79 339.14 198.13 0.9
22 1 573.9 174.02 615.36 215.36 0.9
22 4 286.49 176.44 330.12 198.21 0.9
23 1 573.49 172.99 615.55 215.41 0.9
23 4 274.98 175.7 321.15 198.34 0.9
24 4 262.13 174.82 311.73 198.42 0.9
24 1 572.97 171.75 615.54 214.52 0.9
24 5 384.55 170.96 414.2 187.17 0.9
25 1 572.86 171.36 615.51 214 0.9
25 4 249.78 174.87 301.19 199.69 0.9
26 1 572.42 171.09 615.24 214.07 0.9
26 4 235.88 175.19 288.95 200.63 0.9
27 4 219.57 176.12 278.62 202.39 0.9
27 1 572.32 171.38 615.17 214.51 0.9
27 6 371.12 172.27 400.47 188.33 0.9
28 4 205.67 176.68 266.12 204.1 0.9
28 1 572.14 171.76 615.15 215.18 0.9
28 7 306.69 162.93 344.69 187.08 0.9
28 6 366.17 173.24 395.36 189.15 0.9
29 1 571.92 172.04 615.16 215.61 0.9
29 4 188.33 176.53 253.39 205.15 0.9
29 7 300.08 162.89 338.96 187.06 0.9
29 6 360.49 173.41 391.98 189.63 0.9
30 4 169.8 177.05 238.55 206.04 0.9
30 1 572.09 170.46 615.13 214.43 0.9
30 7 294.36 160.92 334.39 187.27 0.9
30 6 355.38 173.31 386.64 189.13 0.9
31 4 150.37 176.28 223.97 206.54 0.9
31 1 571.98 169.38 615.36 213.76 0.9
31 7 286.85 160.2 328.34 186.87 0.9
31 6 349.38 171.62 381.92 188.33 0.9
32 4 129.6 175.35 208.87 207.68 0.9
32 1 571.9 168.47 615.16 213.01 0.9
32 7 280.47 159.2 321.8 186.69 0.9
32 6 343.14 171.62 376.06 188.07 0.9
33 1 571.45 168.48 615.68 213.64 0.9
33 4 105.18 175.49 190.46 209.54 0.9
33 7 273.32 158.69 314.95 186.4 0.9
33 6 337.39 171.51 371.08 188.71 0.9
34 1 571.31 170.17 615.41 214.94 0.9
34 7 264.89 159.83 309.94 188.41 0.9
34 4 80.213 176.78 171.43 213.27 0.9
34 6 331.88 173.2 366.02 190.23 0.9
35 1 571.42 171.14 615.68 215.7 0.9
35 7 257.43 160.54 301.94 189.53 0.9
35 6 325.7 174.5 361.53 191.67 0.9
35 4 49.64 177.79 150.18 216.39 0.9
36 1 571.23 171 616 216.36 0.9
36 7 249.61 160.9 294.93 190.13 0.9
36 6 319.61 174.37 355.89 192.65 0.9
36 4 21.494 178.62 128.68 218.15 0.9
37 7 241.07 159.79 288.63 190.82 0.9
37 1 571.2 170.65 616.3 216.36 0.9
37 4 4.247 177.68 104.87 220.38 0.9
37 6 313.56 174.66 349.81 192.98 0.9
38 7 232.24 158.23 281.54 190.17 0.9
38 1 570.86 169.14 616.49 215.58 0.9
38 6 306.59 174.24 344.18 192.44 0.9
38 4 2.282 176.03 81.63 221.79 0.9
38 8 326.37 169.36 360.94 189.78 0.9
39 7 222.97 157.79 273.06 190.44 0.9
39 1 570.85 168.62 616.93 215.71 0.9
39 6 298.52 174.41 337.67 192.71 0.9
39 8 321.84 169.53 356.21 190.17 0.9
39 4 1 174.79 52.218 221.16 0.9
40 7 213.43 158.2 266.07 192.13 0.9
40 1 571.23 169.51 617.2 216.94 0.9
40 6 289.18 173.77 331.41 193.58 0.9
40 8 313.62 171.69 350.09 192.44 0.9
41 7 203.49 158.43 258.75 192.5 0.9
41 1 570.99 170.2 617.5 217.43 0.9
41 6 280.31 174.11 326.16 194.45 0.9
41 8 305.09 171.43 347.82 193.02 0.9
42 1 571.28 170.78 617.9 218.06 0.9
42 7 193.14 159.11 249.72 193.54 0.9
42 6 273.14 175.65 318.19 195.99 0.9
43 7 181.99 159.72 241.46 195.29 0.9
43 1 571.69 171.33 618.54 219.17 0.9
43 6 263.78 176.84 312.62 197.92 0.9
44 7 169.76 159.66 232.09 196.12 0.9
44 1 571.94 171.45 619.26 219.73 0.9
44 6 253.42 176.42 302.25 198.66 0.9
44 9 282.27 173.11 329.39 196.34 0.9
45 7 156.85 159.06 223.6 197.5 0.9
45 1 571.81 171.5 619.84 220.2 0.9
45 6 244.35 176.3 296.48 198.73 0.9
45 9 275.25 173.05 322.45 197.12 0.9
46 7 143.39 158.94 214.08 200.11 0.9
46 1 572.29 171.94 619.96 220.63 0.9
46 9 265.47 173.19 316.83 198.66 0.9
46 6 232.15 176.76 287.5 200.81 0.9
47 6 221.63 178.29 279.77 203.2 0.9
47 7 130.83 158.96 200.83 200.67 0.9
47 1 572.07 172.53 620.82 221.11 0.9
47 9 256.77 173.82 308.22 199.92 0.9
48 1 572.58 173.83 622 222.51 0.9
48 6 209.85 179.95 271.49 205.25 0.9
48 9 246.93 174.61 300.2 202.18 0.9
48 7 116.23 159.63 193.12 202.05 0.9
48 10 1.15 174.69 41.911 197.52 0.9
49 1 572.88 173.6 622.53 222.81 0.9
49 6 196.18 179.49 261.11 206.76 0.9
49 9 237.6 175.32 295.96 203.37 0.9
49 7 99.423 158.97 179.59 202.79 0.9
50 1 573.53 172.22 622.94 222.09 0.9
50 6 183.73 178.91 250 206.57 0.9
50 9 230.64 173.96 288.43 202.8 0.9
50 7 83.748 157.97 169.59 202.85 0.9
51 9 216.1 173.54 275.02 202.23 0.9
51 6 167.78 178.89 239.69 206.92 0.9
51 1 573.5 172.2 623.89 222.47 0.9
51 7 64.672 156.26 156.94 203.2 0.9
52 6 152.99 178.89 228.61 208.08 0.9
52 1 574.07 172.24 624.45 222.62 0.9
52 9 202.32 172.93 265.2 202.46 0.9
52 7 45.445 155.46 142.16 203.95 0.9
53 6 135.54 179.54 215.3 209.5 0.9
53 1 574.45 172.18 624.81 223.61 0.9
53 9 189.36 173.65 255.68 203.78 0.9
53 7 27.361 154.22 128.58 206.3 0.9
54 9 176.46 174.41 244.77 205.36 0.9
54 1 574.48 171.65 626.03 224 0.9
54 6 115.56 179.28 200.79 211.43 0.9
54 7 5.125 154.62 110.71 208.17 0.9
54 11 194.1 168.75 250.04 196.1 0.9
54 12 388.48 172.13 414.19 187.53 0.9
54 13 370.28 173.54 396.98 189.26 0.9
55 9 162.9 174.4 234.48 206.81 0.9
55 1 575.01 171.66 626.17 224.27 0.9
55 6 97.981 178.22 182.67 212.7 0.9
55 7 4.059 153.99 95.393 209.53 0.9
55 11 183.18 168.12 241.01 196.51 0.9
55 13 366.76 173.88 394.08 190.09 0.9
56 9 148.73 174.34 223.88 208.1 0.9
56 1 575.27 171.14 627.4 224.81 0.9
56 6 78.087 180.52 171.77 214.41 0.9
56 11 173.55 168.12 231.61 195.5 0.9
56 13 363.45 173.99 390.79 190.33 0.9
56 7 2.97 152.43 76.194 211.73 0.9
56 14 381.89 171.98 410.72 188.05 0.9
57 9 131.51 173.9 210.88 209.75 0.9
57 1 575.89 170.98 628.68 223.97 0.9
57 6 56.439 179.95 154.04 215.99 0.9
57 11 161.36 167.62 223 195.5 0.9
57 13 358.88 173.59 387.77 190.48 0.9
57 14 378.96 172.01 406.54 187.9 0.9
57 7 1 156.35 58.833 209.03 0.9
58 1 576.67 170.49 629.09 224.05 0.9
58 9 114.76 173.96 196.61 210.8 0.9
58 11 151.71 167.15 215.27 195.91 0.9
58 6 31.837 181.02 136.62 217.22 0.9
58 13 354.99 173.01 384.18 190.67 0.9
58 14 375.61 171.34 404.79 187.63 0.9
58 7 1 159.61 48.472 210.01 0.9
58 15 1.863 164.72 57.212 215.1 0.9
59 1 577.09 170.84 629.97 224.86 0.9
59 11 139.96 167.97 203.64 196.96 0.9
59 9 95.3 175.03 182.3 212.53 0.9
59 6 7.402 181.56 116.07 219.61 0.9
59 13 350.71 173.57 380.43 191.18 0.9
59 14 371.79 171.83 399.85 187.9 0.9
60 1 577.51 169.94 630.77 224.08 0.9
60 11 125.83 167.26 191.86 197.46 0.9
60 9 75.995 174.5 167 214.21 0.9
60 13 346.16 173.14 377.09 191.43 0.9
60 6 4.118 180.8 98.181 222 0.9
60 14 368.08 171.68 397.43 188.22 0.9
61 1 577.67 169.58 631.49 223.72 0.9
61 11 114.72 167.08 182.35 197.99 0.9
61 13 341.69 172.68 373.4 190.9 0.9
61 9 54.467 173.17 152.13 214.98 0.9
61 14 363.57 170.94 394.24 188.05 0.9
61 6 1 181.97 77.518 223.87 0.9
62 1 577.86 169.29 632.12 223.5 0.9
62 11 99.786 166.62 171.49 198.23 0.9
62 9 26.123 172.17 137.5 216.01 0.9
62 13 336.44 171.87 369.27 190.91 0.9
62 14 359.97 170.13 391.68 188.09 0.9
62 6 2.774 184.06 55.227 221.49 0.9
63 9 6.023 171 122.06 217.67 0.9
63 1 578.22 169.02 633.08 223.82 0.9
63 11 86.317 165.65 160.75 198.79 0.9
63 14 355.85 169.45 387.9 187.79 0.9
63 13 331.25 171.68 365.57 190.65 0.9
63 6 1.649 176.64 31.873 225.17 0.9
64 9 2.808 171.53 103.33 220.04 0.9
64 1 578.58 168.99 633.36 224.22 0.9
64 11 71.537 166.37 148.14 200.61 0.9
64 14 352.01 169.59 385.32 188.18 0.9
64 13 326.38 171.72 361.58 191.14 0.9
65 1 579.16 170.26 633.77 225.61 0.9
65 11 54.27 166.84 137.07 203.19 0.9
65 13 322.19 172.7 357.46 192.59 0.9
65 16 349.21 170.89 383.23 189.6 0.9
65 9 1.262 171.56 85.221 222.53 0.9
65 14 370.83 170.89 396.29 188.18 0.9
66 1 579.53 171.33 634.54 226.14 0.9
66 11 35.831 167.01 123.53 205.78 0.9
66 16 345.04 171.74 380.19 191.01 0.9
66 13 316.63 173.43 353.38 193.77 0.9
66 9 3.28 173.37 61.613 223.29 0.9
67 1 580 171.25 634.98 226.32 0.9
67 13 310.84 172.85 349.74 194.16 0.9
67 16 341.12 171.96 376.85 191.39 0.9
67 11 18.123 166.99 110.42 206.52 0.9
67 9 1.225 171.19 40.528 221.75 0.9
68 1 580.66 171.39 635.07 226.35 0.9
68 11 2.462 166.43 95.653 207.79 0.9
68 13 305.42 172.7 345.11 194.41 0.9
68 16 337.03 171.72 373.37 191.71 0.9
68 17 363.91 173.12 392.26 189.95 0.9
69 1 580.82 171.73 635.6 226.4 0.9
69 13 299.85 172.56 340.29 194.44 0.9
69 16 333.44 171.16 369.79 191.69 0.9
69 11 1.889 166.8 82.206 208.11 0.9
69 17 359.24 172.83 387.33 189.42 0.9
70 1 581.05 171.55 636.23 226.67 0.9
70 13 293.84 172.73 335.95 194.96 0.9
70 16 329.19 171.21 366.49 192.1 0.9
70 11 1.953 165.68 62.031 205.73 0.9
70 17 356.12 172.1 384.43 188.89 0.9
71 1 581.59 171.48 636.64 226.65 0.9
71 13 287.82 172.55 330.97 195.58 0.9
71 16 323.91 171.15 361.92 192.53 0.9
71 11 1 165.05 44.054 208.51 0.9
71 17 356.11 172.82 382.99 189.89 0.9
72 1 581.94 171.44 636.91 226.5 0.9
72 13 281.43 172.49 326.07 196.09 0.9
72 16 319.55 170.81 359.04 192.11 0.9
72 17 351.1 172.41 381.22 190.23 0.9
73 1 582.43 171.75 637.48 226.67 0.9
73 13 275.52 172.14 321.75 196.39 0.9
73 16 315.06 170.52 354.79 192.77 0.9
73 17 347.88 172.33 378.21 190.34 0.9
74 1 582.68 171.51 637.91 226.83 0.9
74 13 269.06 173.31 315.35 197.11 0.9
74 16 310.33 171.13 353.85 193.43 0.9
74 17 344.81 172.69 374.75 190.54 0.9
75 1 582.95 171.26 638.09 226.86 0.9
75 13 262.19 173.17 309.5 197.51 0.9
75 16 305.49 171.25 347.76 194 0.9
75 17 340.5 173.01 371.57 190.84 0.9
76 16 301.24 170.38 342.96 193.64 0.9
76 1 584.07 171.16 638.29 226.37 0.9
76 13 254.96 172.53 304.54 197.22 0.9
76 17 337.27 172.74 369.27 190.91 0.9
77 13 247.59 172.61 300 198.76 0.9
77 16 295.05 169.99 338.2 194.65 0.9
77 1 584.18 171.4 638.92 226.52 0.9
77 17 333.06 172.85 366.65 191.31 0.9
78 16 289.51 170.07 334.96 195.87 0.9
78 13 240.58 172.93 294.44 199.64 0.9
78 1 584.51 171.43 639.07 226.48 0.9
78 17 328.87 173.18 362.89 191.83 0.9
79 16 284.05 170.94 330.41 196.2 0.9
79 13 231.86 173.17 288.62 200.65 0.9
79 1 584.66 171.15 639.61 226.68 0.9
79 17 325.72 173.96 359.74 192.62 0.9
80 16 278.15 171.73 324.65 197.13 0.9
80 13 223.07 174.13 280.88 202.07 0.9
80 1 585.3 172.3 639.21 227.12 0.9
80 17 320.79 173.91 355.97 193.4 0.9
81 13 213.27 174.55 275.59 202.77 0.9
81 1 585.12 172.47 639.53 227.22 0.9
81 16 272.44 171.63 319.56 197.78 0.9
81 17 315.19 174.26 352.02 194.18 0.9
82 16 265.21 171.93 314.78 198.13 0.9
82 1 584.96 172.24 639.28 227.32 0.9
82 13 203.46 174.47 269.21 203.47 0.9
82 17 310.19 173.79 347.55 194.31 0.9
83 16 258.35 172.24 309.72 198.19 0.9
83 13 194.94 174.37 261.36 203.81 0.9
83 1 584.86 172.14 639.62 227.17 0.9
83 17 305.38 173.62 343.82 194.69 0.9
84 16 252.3 171.87 303.05 198.43 0.9
84 13 184.47 174.77 252.6 204.95 0.9
84 1 584.84 172.1 639.72 227.22 0.9
84 17 300.62 173.51 339.12 194.83 0.9
85 16 246.12 171.78 297.77 199.03 0.9
85 13 172.81 175.03 243.18 205.5 0.9
85 1 584.79 171.79 639.74 227.1 0.9
85 17 295.5 173.21 336.38 195.46 0.9
86 16 235.68 170.99 291.88 199.41 0.9
86 13 160.86 174.75 235.57 206.39 0.9
86 1 584.36 171.43 639.91 226.69 0.9
86 17 289.97 173.35 329.63 194.82 0.9
87 13 147.54 173.76 227.15 207.44 0.9
87 16 226.34 170.75 285.74 199.62 0.9
87 1 584.23 171.59 639.55 226.58 0.9
87 17 283.52 172.46 325.43 195.8 0.9
88 16 218.19 170.44 280.38 199.88 0.9
88 17 278.29 172.24 320.3 195.27 0.9
88 13 133.87 172.93 219.19 208.6 0.9
88 1 584.12 171.64 639.26 226.24 0.9
89 16 210.54 170.27 272.12 200.29 0.9
89 1 583.99 171.51 639.38 226.42 0.9
89 17 271.88 172.95 315.31 195.9 0.9
89 13 121.25 172.95 207.54 209.39 0.9
90 16 200.36 170.57 264.64 201.74 0.9
90 17 264.51 172.55 309.95 196.47 0.9
90 1 583.34 171.19 639.96 226.93 0.9
90 13 106.85 173.68 192.69 210.18 0.9
91 16 191.82 170.42 258.06 202.37 0.9
91 17 257.76 171.98 305.49 196.97 0.9
91 1 583.68 170.24 639.53 226 0.9
91 13 91.949 173.4 182.98 210.78 0.9
92 16 181.68 170.29 250.06 202.7 0.9
92 17 250.45 172.22 299.59 197.31 0.9
92 1 583.13 170.07 639.97 225.98 0.9
92 13 75.26 172.17 171.4 210.75 0.9
93 16 168.84 170.22 242.09 203.57 0.9
93 17 244.28 172.2 293.13 197.8 0.9
93 1 582.74 170.36 639.56 226.24 0.9
93 13 57.301 173.32 157.76 212.27 0.9
94 17 235.91 172.19 285.83 198.66 0.9
94 16 156.59 169.93 233.2 204.97 0.9
94 1 581.44 170.54 638.88 226.8 0.9
94 13 39.268 172.54 145.63 214.55 0.9
95 17 226.45 172.71 278.65 199.63 0.9
95 1 580.42 170.68 638.25 227.49 0.9
95 16 142.4 170.16 223.93 206.6 0.9
95 13 15.867 174.04 131.43 216.97 0.9
96 17 216.96 172.47 271.07 200.38 0.9
96 1 579.83 170.11 637.19 227.62 0.9
96 13 4.041 173.61 117.65 218.47 0.9
96 16 130.3 169.95 215.03 207.14 0.9
97 17 207.74 172.55 264.29 201.08 0.9
97 1 578.87 170.06 637.1 227.74 0.9
97 16 116.94 170.24 204.92 208.75 0.9
97 13 2.875 173.41 103.15 220.21 0.9
98 17 198.55 173.21 257.34 202.78 0.9
98 1 578.31 170.14 636.3 228.12 0.9
98 16 102.73 170.34 194.42 209.83 0.9
98 13 1.434 174.63 90.568 221.9 0.9
99 17 189.02 173.74 249.84 203.46 0.9
99 1 577.23 169.76 635.55 227.89 0.9
99 16 87.819 171.11 181.72 211.74 0.9
99 13 1.529 173.69 74.459 222.01 0.9
100 17 178.01 173.93 241.62 204.1 0.9
100 1 576.29 169.73 634.52 227.16 0.9
100 16 73.641 170.67 170.8 212.65 0.9
100 13 1 173.31 57.564 222.34 0.9
101 17 168.32 174.52 233.18 205.61 0.9
101 1 575.53 169.9 633.91 228.01 0.9
101 16 57.236 171.05 158.43 214.57 0.9
102 17 158.42 175.68 225.87 207.39 0.9
102 1 574.79 170.53 633.63 229.25 0.9
102 16 39.234 172.96 147.33 216.96 0.9
102 18 181.78 167.46 235.31 190.68 0.9
103 17 146.12 176.49 217.78 208.81 0.9
103 1 574.17 171.2 632.88 230.21 0.9
103 16 20.02 174.23 133.9 219.54 0.9
103 18 168.62 167.17 230.12 193.73 0.9
104 17 135.23 178.35 208.03 211.67 0.9
104 1 572.79 173.07 632.67 232.03 0.9
104 16 6.586 174.19 119.89 221.56 0.9
104 18 159.43 167.49 222.64 195.47 0.9
105 17 122.05 178.28 198.73 212.83 0.9
105 1 571.66 173.2 632.41 233.12 0.9
105 16 3.822 174.4 106.83 222.43 0.9
105 18 149.22 168.44 214.88 196.62 0.9
106 17 109.21 178.1 188.41 213.59 0.9
106 1 570.58 173.06 631.21 233.22 0.9
106 16 1.57 174.07 91.804 224.17 0.9
106 18 139.6 167.63 205.94 196.11 0.9
107 1 570.48 172.3 630.7 232.44 0.9
107 17 97.184 177.22 178.65 213.73 0.9
107 18 129.17 166.81 198.2 195.84 0.9
107 16 1.83 172.57 75.681 223.51 0.9
108 1 569.47 172 629.81 231.91 0.9
108 17 84.042 176.63 166.57 213.75 0.9
108 18 119.12 166.25 189.04 196.12 0.9
108 19 216.13 167.13 265.31 191.06 0.9
108 16 1 171.6 61.873 223.36 0.9
109 1 568.29 172.86 628.18 232.78 0.9
109 18 110.24 165.97 180.41 196.42 0.9
109 17 67.484 176.72 153.26 215.53 0.9
109 19 209.15 167.8 259.61 192.02 0.9
109 16 1 172.66 46.706 223.71 0.9
110 1 566.61 173.3 626.86 233.94 0.9
110 18 97.858 166.35 171.02 197.72 0.9
110 17 52.351 177.33 142.93 216.63 0.9
110 19 209.1 168.47 249.3 192.67 0.9
111 1 565.17 173.38 625.11 234.9 0.9
111 18 86.11 166.08 161.69 197.66 0.9
111 17 36.221 176.91 130.3 217.62 0.9
111 19 194.51 168.37 247.34 193.31 0.9
112 1 563.03 173.26 623.73 234.66 0.9
112 18 72.643 165.53 152.6 197.5 0.9
112 19 190.97 167.77 239.82 193.52 0.9
112 17 18.483 175.73 115.99 217.75 0.9
113 1 561.96 172.4 622.06 234.02 0.9
113 19 186.3 167.41 232.02 193.24 0.9
113 18 59.263 164.92 143.14 197.73 0.9
113 17 3.537 175.86 104.64 217.38 0.9
114 1 559.54 172.55 620.25 233.87 0.9
114 17 2.251 175.81 91.492 218.64 0.9
114 19 178.43 167.51 223.82 193.65 0.9
114 18 42.819 164.49 130.91 198.58 0.9
115 1 558.01 172.86 618.9 234.38 0.9
115 19 170.5 168.01 218.19 194.19 0.9
115 17 1.36 175.78 79.102 219.3 0.9
115 18 29.179 164.18 125.51 197.76 0.9
116 1 556.42 173.02 616.51 235 0.9
116 19 161.26 168.04 211.51 194.86 0.9
116 18 14.99 164.21 115 199.13 0.9
116 17 2.007 173.22 60.57 218.62 0.9
117 1 554.81 173.12 616.02 235.41 0.9
117 19 153.43 167.93 205.11 195.36 0.9
117 17 2.815 164.38 98.086 200.54 0.9
118 19 144.74 167.74 197.35 195.35 0.9
118 1 552.82 172.7 614.28 234.91 0.9
118 17 2.541 164.4 91.006 200.98 0.9
119 19 137.68 167.13 190.24 195.81 0.9
119 1 550.9 172.67 613.05 234.91 0.9
119 17 1 164.37 70.475 201.24 0.9
120 19 129.69 167.64 183.7 196.61 0.9
120 1 550.11 172.68 612.24 234.83 0.9
120 17 2.71 163.12 54.867 202.86 0.9
121 1 549.98 172.47 612.16 234.8 0.9
121 19 122.46 167.46 178.73 197.11 0.9
122 19 115.9 167.35 173.33 197.33 0.9
122 1 550.23 172.14 612.64 234.37 0.9
123 19 110.41 167.29 169.77 197.15 0.9
123 1 551.43 171.5 613.72 233.91 0.9
123 20 1 159.72 46.69 207.15 0.9
124 19 104.7 167.12 162.98 197.82 0.9
124 1 553.12 171.07 615.63 234.43 0.9
125 19 98.549 167.39 159.57 198.89 0.9
125 1 554.04 171.93 616.66 235.1 0.9
126 19 91.645 167.59 153.86 198.91 0.9
126 1 555.41 172.66 617 235.71 0.9
127 19 84.861 167.83 146.86 200.18 0.9
127 1 555.53 172.76 617.75 236.4 0.9
128 1 556.29 173.63 618.61 237.25 0.9
128 19 77.097 168 140.32 201.28 0.9
129 1 556.24 174.09 618.83 238.47 0.9
129 19 68.116 170.22 133.76 202.67 0.9
130 1 556.18 174.8 618.93 238.34 0.9
130 19 58.906 170.39 125.55 203.36 0.9
131 1 556.3 174.51 619.17 238.35 0.9
131 19 49.028 169.81 117.73 203.28 0.9
131 21 2.379 170.78 54.111 201.57 0.9
132 1 556.15 173.58 618.85 238.31 0.9
132 19 38.946 169.69 106.38 203.19 0.9
132 21 2.107 169.46 40.878 203.07 0.9
133 1 555.98 173.78 618.68 238.65 0.9
133 19 26.392 169.88 99.12 204.76 0.9
133 21 2.142 170.39 34.468 202.19 0.9
133 22 340.83 177.77 372.28 194.98 0.9
134 1 555.77 173.68 618.74 238.55 0.9
134 19 15.06 169.46 90.865 205.45 0.9
134 22 338.14 177.67 370.12 195.28 0.9
135 1 555.38 173.81 617.85 238.54 0.9
135 19 3.535 169.44 80.729 206.88 0.9
136 1 555.5 173.87 617.74 238.73 0.9
136 19 1.067 168.99 73.282 207.29 0.9
137 1 554.97 174.05 617.25 239.08 0.9
137 19 1.58 161.75 63.907 208.75 0.9
138 1 553.93 174.23 617.07 238.97 0.9
138 23 328.9 177.73 361.6 194.98 0.9
139 1 553.59 174.05 616.57 238.83 0.9
139 23 325.59 178.49 360.01 195.62 0.9
140 1 553.47 173.71 616.15 239.33 0.9
141 1 552.42 173.91 615.33 238.92 0.9
141 24 320.06 178.49 354.14 195.61 0.9
142 1 552.07 174.62 614.83 239.31 0.9
142 24 317.73 178.54 352.37 196.64 0.9
143 1 551.24 174.44 615.04 239.15 0.9
143 24 313.57 178.6 349.47 196.88 0.9
144 1 550.95 174.19 614.29 239.11 0.9
144 24 308.96 178.75 346.02 197.31 0.9
145 1 550.23 173.96 613.46 238.57 0.9
145 24 306.16 178.47 343.18 197.17 0.9
146 1 549.55 173.19 612.72 238.31 0.9
146 24 302.11 178.36 340.12 196.99 0.9
147 1 549.16 173.07 611.6 237.46 0.9
147 24 298.13 177.85 336.35 197.01 0.9
148 1 548.79 173.47 610.52 237.33 0.9
148 24 293.84 177.44 334.19 197.36 0.9
148 25 826.87 181.09 876.66 201.69 0.9
149 1 547.73 174.03 609.42 237.47 0.9
149 25 830.32 183.38 884.88 203.2 0.9
149 24 290.12 178.09 331.02 197.94 0.9
150 1 547.38 174.41 609.32 237.76 0.9
150 25 834.45 182.74 890.93 203.56 0.9
150 24 286.56 177.98 328.12 197.97 0.9
151 1 547.02 173.9 608.59 237.38 0.9
151 25 836.92 183.39 895.77 203.64 0.9
151 24 283.83 177.78 327.27 198.43 0.9
152 1 547.63 174.43 608.48 237.1 0.9
152 25 843.1 184.67 901.37 204.59 0.9
152 24 280.36 177.91 321.88 199.2 0.9
153 1 548.26 174.87 608.68 237.32 0.9
153 25 848.82 184.76 905.93 205.07 0.9
153 24 277.32 178.23 321.6 199.61 0.9
154 1 548.65 175.66 609.66 237.07 0.9
154 24 274.46 178.39 320.38 200.28 0.9
154 25 854.57 183.61 913.65 205.8 0.9
155 1 549.62 175.78 609.77 237.03 0.9
155 25 857.62 184.85 919.38 206.78 0.9
155 24 270.56 178.44 317.34 200.27 0.9
156 1 550.37 176.27 610.66 236.77 0.9
156 25 863.2 185.38 927.84 208.53 0.9
156 24 269.56 178.23 314.91 200.62 0.9
157 1 551.22 176.09 611.43 236.18 0.9
157 25 868.17 185.39 933.43 208.73 0.9
157 24 266.33 178.83 311.54 201.61 0.9
158 1 552.31 175.73 612.18 235.71 0.9
158 25 874.9 184.83 938.01 209.18 0.9
158 24 261.12 178.75 309.53 201.72 0.9
159 1 554.04 175.68 612.68 234.17 0.9
159 24 258.52 178.31 306.66 201.74 0.9
159 25 880.75 184.27 946.11 209.93 0.9
160 1 555.53 175.75 613.06 234.09 0.9
160 24 254.14 178.61 304.9 202.38 0.9
160 25 886.32 185.99 952.16 212.13 0.9
161 24 248.69 179.27 300.68 203.28 0.9
161 1 556.11 176.28 613.25 234.15 0.9
161 25 892.07 185.94 961.32 212.04 0.9
161 26 541.68 177.73 558.76 192.27 0.9
162 1 556.6 176.85 613.57 233.69 0.9
162 24 244.36 179.39 297.7 204.02 0.9
162 25 898.9 187.99 970.72 214.28 0.9
163 1 557.43 177.1 613.3 233.81 0.9
163 24 240.07 180.04 294.01 205.14 0.9
163 25 905.46 188.66 979.39 215.12 0.9
164 24 233.03 180.48 290.21 205.81 0.9
164 1 557.69 178.09 613.36 233.91 0.9
164 25 911.1 189.55 988.3 216.42 0.9
164 27 540.77 179.15 558.59 194.51 0.9
165 24 227.62 180.83 285.36 207.28 0.9
165 1 558.31 178.11 613.81 233.75 0.9
165 25 919.36 190.58 995.08 217.91 0.9
165 27 541.04 179.56 558.78 195.16 0.9
166 24 220.68 180.99 281.1 208.06 0.9
166 1 559.15 178.73 614.18 233.29 0.9
166 25 926.71 191.85 1003.5 218.81 0.9
166 27 540.65 180.68 558.85 196.27 0.9
167 25 934.25 192.63 1012.9 220.52 0.9
167 1 559.51 179.41 614.32 233.53 0.9
167 27 539.89 179.96 558.05 196.66 0.9
168 25 940.84 192.77 1022.6 221.52 0.9
168 1 559.94 179.65 614.73 233.68 0.9
168 28 1022.6 193.17 1089.2 220.46 0.9
168 27 539.12 181.15 557.78 197.4 0.9
169 25 949.87 193 1032 222.66 0.9
169 1 560.55 180.1 615.32 233.38 0.9
169 28 1032.7 194.84 1102.9 222.89 0.9
169 27 538.08 181.63 556.86 198.68 0.9
169 29 543.72 181.99 566.1 198.37 0.9
170 1 561.37 179.82 615.29 233.32 0.9
170 25 957.95 194.06 1044.3 224.18 0.9
170 28 1043.2 195.26 1115.7 224.26 0.9
170 27 537.06 182.1 555.9 199.74 0.9
171 1 562.17 179.68 615.98 233.07 0.9
171 30 244.41 180.12 296.64 207.94 0.9
171 31 182.28 183.41 251.45 213.02 0.9
171 25 969.92 194.63 1055.4 224.81 0.9
171 28 1054 195.92 1127.9 225.04 0.9
171 32 285.34 182.84 330.97 204.42 0.9
171 27 535.67 181.93 555.71 200.5 0.9
171 33 326.51 183.54 367.75 203.76 0.9
172 30 237.55 179.49 292.44 207.92 0.9
172 1 563.04 179.03 616.91 232.75 0.9
172 28 1065.9 197.01 1137.7 226.31 0.9
172 25 982.24 195.5 1066.6 225.74 0.9
172 31 172.93 183.2 248.25 211.6 0.9
172 32 279.87 182.11 328.64 204.4 0.9
172 27 534.16 181.85 555.44 201.39 0.9
172 33 321.12 181.01 367.16 202.68 0.9
172 34 549.02 182.01 568.85 197.72 0.9
173 30 230.52 179.05 286.75 207.25 0.9
173 1 564.88 178.72 617.97 231.53 0.9
173 31 166.69 182.63 235.79 213.49 0.9
173 25 996.04 195.71 1078.5 226.58 0.9
173 28 1077 197.04 1156.2 226.99 0.9
173 27 532.08 181.18 553.97 201.7 0.9
173 32 277.03 180.54 323.84 203.66 0.9
173 33 317.1 179.28 359.26 201.53 0.9
173 34 548.82 182.02 568.81 196.94 0.9
174 31 155.5 182.21 227.34 213.17 0.9
174 30 222.78 178.86 282.18 207.44 0.9
174 1 566.29 178.15 618.56 230.9 0.9
174 28 1091 197.2 1171 227.92 0.9
174 25 1006.4 195.59 1091.9 228.09 0.9
174 32 272.49 180.21 320.74 203.75 0.9
174 27 530.43 180.95 553.04 202.56 0.9
174 33 311.2 179.72 353.74 201.19 0.9
174 34 549.22 180.98 569.53 196.19 0.9
175 1 567.26 178.36 618.99 230.81 0.9
175 30 214.06 178.95 276.72 208.78 0.9
175 28 1103.4 198.53 1188.1 229.68 0.9
175 31 142.27 181.94 218.59 214.24 0.9
175 25 1019.6 196.57 1107.4 229.72 0.9
175 32 267.75 180.7 319.13 204.96 0.9
175 27 527.79 181.64 552.34 204.51 0.9
175 33 307.65 182.13 353.56 202.58 0.9
175 34 547.9 181.44 568.67 196.76 0.9
176 1 567.96 178.39 619.66 230.45 0.9
176 30 208.1 178.78 269.92 209.87 0.9
176 31 130.37 181.84 205.34 214.9 0.9
176 27 524.99 181.58 551.08 205.71 0.9
176 28 1119.8 199.85 1204.4 231.95 0.9
176 25 1024.1 197.09 1121.1 231.72 0.9
176 32 259.77 180.8 314.68 206.13 0.9
176 33 303.27 182.06 348.45 202.93 0.9
176 34 547.66 181.16 568.48 197.19 0.9
177 1 569.24 178.39 620.12 230.73 0.9
177 30 199.04 179.17 264.25 210.38 0.9
177 28 1134.7 200.28 1224.4 234.17 0.9
177 32 252.73 180.86 304.51 206.22 0.9
177 27 521.71 181.51 549.89 206.62 0.9
177 31 114.59 181.77 198.62 216.53 0.9
177 25 1041.2 197.98 1139.5 233.33 0.9
177 33 298.14 182 345.24 204.1 0.9
177 34 547.36 181.42 568.18 197.83 0.9
178 30 189.05 178.84 255.59 211.5 0.9
178 1 570.02 178.71 621.04 230.5 0.9
178 32 247.16 181.82 300.42 207.63 0.9
178 31 100.77 181.81 190.8 217.8 0.9
178 33 297.29 182.73 340.06 205.36 0.9
178 25 1050.7 199.54 1152.1 235.69 0.9
178 27 518.13 181.81 546.93 208.38 0.9
178 28 1152.7 200.57 1241.3 235.65 0.9
178 34 546.15 181.94 568.47 198.67 0.9
179 1 570.25 179.12 621.7 230.04 0.9
179 30 175.03 178.23 245.97 212.41 0.9
179 32 241.43 182.14 294.02 207.97 0.9
179 33 290.44 182.78 335.96 206.19 0.9
179 28 1164.7 200.22 1243 236.4 0.9
179 27 512.59 182.7 544.53 210.92 0.9
179 25 1066 199.4 1171.2 234.5 0.9
179 31 84.647 182.8 174.23 219.06 0.9
179 34 544.42 182.29 567.2 199.8 0.9
180 1 570.86 178.08 621.01 229.58 0.9
180 32 234.58 181.15 287.33 206.85 0.9
180 30 165.2 178.81 238.05 211.6 0.9
180 27 506.88 182.07 542.44 211.4 0.9
180 33 282.86 182.24 333.13 205.57 0.9
180 31 65.905 181.46 162.41 218.58 0.9
180 25 1078.3 199.59 1199 234.98 0.9
180 28 1176 201.05 1242.7 238.07 0.9
180 34 543.01 181.33 566.38 199.21 0.9
181 30 151.32 176.83 230.12 212.53 0.9
181 1 571.28 176.66 622.21 227.49 0.9
181 32 224.45 178.71 281.9 205.76 0.9
181 27 501.37 179.53 538.82 211.86 0.9
181 31 48.389 179.55 145.44 219.14 0.9
181 33 279.21 180.53 325.18 203.36 0.9
181 25 1093.4 198.28 1215.2 236.58 0.9
181 34 541.45 180.31 566.45 198.75 0.9
181 28 1206.7 199.06 1243 238.61 0.9
182 1 572.34 175.43 623.21 226.51 0.9
182 30 135.48 175.45 220.53 213.19 0.9
182 32 211.92 179.33 275.36 206.6 0.9
182 27 493.38 179.32 534.54 214.23 0.9
182 33 270.1 179.55 320.06 203.64 0.9
182 31 24.413 179.15 136.43 218.36 0.9
182 25 1110.3 199.29 1229.9 238.81 0.9
182 34 539.24 179.24 565.52 198.61 0.9
182 35 557.94 176.62 577.52 193.5 0.9
183 1 574.02 175.64 624.16 226.2 0.9
183 27 484.55 179.54 530.11 217.36 0.9
183 32 203.08 179.47 268.64 207.82 0.9
183 33 260.83 180.53 315.22 204.75 0.9
183 30 121.71 176.54 208.24 214.45 0.9
183 25 1131 199.47 1240 240.82 0.9
183 34 537.33 179.49 564.56 200.07 0.9
183 31 11.209 177.88 120.69 221.7 0.9
183 35 558.38 176.45 576.94 192.78 0.9
184 33 253.78 181.37 310.25 206.63 0.9
184 27 474.57 180.57 523.69 221.65 0.9
184 1 575.2 176.82 624.42 227.28 0.9
184 32 191.93 181.26 260.46 210.21 0.9
184 34 535.26 180.35 562.85 201.71 0.9
184 31 4.234 178.76 104.2 224.4 0.9
184 30 105.44 177.75 202.26 216.64 0.9
184 25 1151.3 200.32 1243 243.14 0.9
184 35 557.56 178.35 576.52 193.39 0.9
185 33 245.92 181.43 303.69 207.8 0.9
185 1 576.15 177.3 625.04 226.9 0.9
185 27 461.26 180.53 518.33 227.04 0.9
185 32 180.89 181.08 249.98 210.37 0.9
185 30 89.27 177.01 188.22 217.61 0.9
185 34 531.91 180.29 561.73 203.23 0.9
185 31 2.322 181.53 85.748 227.01 0.9
185 25 1173.1 199.6 1242.1 243.91 0.9
186 33 237.43 181.21 296.41 208.4 0.9
186 32 167.85 180.04 240.52 212.08 0.9
186 1 576.68 176.16 626.07 226.36 0.9
186 27 446.54 180.84 508.53 231.8 0.9
186 30 71.5 175.72 172.83 217.64 0.9
186 34 528.72 179.83 560.08 203.22 0.9
186 31 2.65 182.29 66.185 227.87 0.9
186 25 1198.6 196 1243 244.79 0.9
186 36 557.21 177.11 575.16 193.32 0.9
187 33 228.57 181.38 289.97 209.4 0.9
187 27 426.89 181.77 500.14 238.92 0.9
187 32 154.69 179.43 232.75 213.44 0.9
187 1 577.54 175.99 626.82 225.92 0.9
187 30 51.366 175.83 159.48 220.19 0.9
187 34 525.02 179.74 558.07 205.34 0.9
187 31 1 179.89 44.695 228.2 0.9
187 36 556.62 176.61 574.75 192.97 0.9
188 32 140.63 180.72 222.32 215.54 0.9
188 27 399.86 182.61 487 250.42 0.9
188 1 578.19 176.38 627.4 225.7 0.9
188 33 219.25 182.47 282.53 210.91 0.9
188 30 28.507 177.9 143.85 222.41 0.9
188 34 520.41 179.92 555.8 206.93 0.9
188 36 556.01 177.79 574.59 193.2 0.9
189 1 579.29 176.78 627.82 225.95 0.9
189 34 514.99 181.25 552.9 210.01 0.9
189 32 124.97 180.93 210 216.73 0.9
189 33 208.23 183.22 274.31 212.44 0.9
189 27 365.51 184.88 469.63 263.99 0.9
189 30 8.262 178.2 126.35 225.87 0.9
189 36 555.36 178.3 574.95 195.2 0.9
190 33 197.25 183.99 265.24 214.19 0.9
190 32 108.13 182.5 199.19 218.69 0.9
190 1 579.57 177.08 628.31 226.08 0.9
190 30 3.038 178.75 107.18 228.34 0.9
190 27 311.69 185.37 447.05 284.79 0.9
190 34 509.12 181.72 550.18 213.06 0.9
190 36 553.79 178.51 574.14 194.68 0.9
191 33 185.55 186.44 255.76 216.78 0.9
191 1 581.23 178.49 629.28 227.11 0.9
191 34 502.07 182.58 547.87 217.47 0.9
191 27 230.02 188.49 410.25 314.76 0.9
191 32 90.239 184.63 184.42 223.04 0.9
191 30 2.448 181.44 89.114 233.36 0.9
191 36 552.31 179.6 573.42 196.9 0.9
192 1 583.01 178.93 629.84 227.5 0.9
192 34 492.89 184.05 543.87 221.73 0.9
192 27 75.117 192.3 365.77 373.38 0.9
192 32 70.436 184.69 173.06 224.79 0.9
192 33 174.19 186.43 244.26 218.48 0.9
192 36 551.27 180.36 572.76 197.95 0.9
192 30 3.428 181.79 68.659 236.68 0.9
193 1 583.91 178.67 631.11 227.17 0.9
193 34 483.35 184.72 539.46 225.83 0.9
193 27 7.475 193.51 282.95 375.69 0.9
193 33 160.65 187.06 233.19 219.49 0.9
193 36 550.22 180.24 572.4 198.54 0.9
193 32 49.686 185.19 150.05 220.77 0.9
194 1 584.52 178.41 631.68 226.18 0.9
194 33 141.25 187 225.03 222.19 0.9
194 32 27.716 185.21 140.89 228.32 0.9
194 34 471.14 184.87 534.54 230.12 0.9
194 36 548.71 179.78 572.2 199.55 0.9
195 1 585.7 178.82 632.17 226.56 0.9
195 32 5.095 184.62 123.44 230.97 0.9
195 33 124.19 187.36 212.89 223.4 0.9
195 36 546.43 180.86 570.82 200.4 0.9
195 34 455.19 185.2 526.69 237.32 0.9
195 37 566.85 180.23 584.27 194.78 0.9
196 1 586.59 179.11 633.12 226.64 0.9
196 32 2.14 185.23 104.22 232.97 0.9
196 33 106.3 186.88 199 224.13 0.9
196 36 543.73 180.79 570.33 201.82 0.9
196 34 433.98 186.37 518.8 245.91 0.9
197 1 587.94 178.35 633.8 225.46 0.9
197 34 406.01 185.93 507.45 255.99 0.9
197 33 86.867 184.84 185.43 224.42 0.9
197 36 541.46 180.16 569.26 201.97 0.9
197 32 1.168 184.65 81.634 231.56 0.9
197 38 566.07 180.25 586.27 195.36 0.9
198 1 588.18 177.77 634.04 224.41 0.9
198 34 364.99 185.31 492.08 267.95 0.9
198 36 538.33 179.27 567.59 202.39 0.9
198 33 65.213 184.44 168.76 224.82 0.9
198 32 1.346 182.9 58.899 231.38 0.9
198 38 565.07 179.44 586.16 195.2 0.9
199 1 588.56 177.55 634.5 223.92 0.9
199 34 307.78 186.12 470.36 290.29 0.9
199 36 535.01 178.66 565.36 203.43 0.9
199 33 40.047 183.67 152.78 225.5 0.9
199 32 1.445 182.33 35.449 229.49 0.9
199 38 562.06 179.6 580.88 195.51 0.9
200 1 589.04 178.71 634.23 224.6 0.9
200 34 209.4 190.81 438.12 325.07 0.9
200 33 11.303 184 132.42 228.23 0.9
200 36 530.91 179.57 563.1 205.91 0.9
200 38 560.68 180.12 579.89 197.49 0.9
201 1 589.55 179.3 633.55 224.98 0.9
201 36 526.11 179.88 560.2 207.77 0.9
201 33 2.781 184.04 111.83 230.84 0.9
201 34 21.485 189.22 393.31 375.74 0.9
201 38 557.46 180.48 577.49 198.74 0.9
202 36 520.74 179.65 557.74 209.72 0.9
202 1 588.85 178.49 634.23 223.66 0.9
202 34 9.175 195.7 329.53 375.73 0.9
202 38 555.28 179.99 575.94 199.45 0.9
202 33 1.251 184.64 88.346 232.09 0.9
203 1 588.8 176.73 634.35 222.82 0.9
203 36 514 178.17 553.92 210.84 0.9
203 34 4.406 209.93 179.44 372.54 0.9
203 38 551.64 179.07 574.22 199 0.9
203 33 1 182.7 63.536 233.04 0.9
204 1 589.1 176.51 633.84 221.14 0.9
204 36 506.84 177.27 550.35 212.48 0.9
204 38 549.37 178.42 573.24 199.41 0.9
204 33 1.44 179.93 39.722 231.74 0.9
205 1 589.64 176.18 633.96 220.76 0.9
205 36 497.9 177.47 546.6 215.82 0.9
205 38 546.57 178.88 571.66 200.73 0.9
206 36 487.57 178.07 541.86 220.5 0.9
206 1 589.57 176.62 633.61 220.8 0.9
206 38 543.46 179.72 569.2 202.71 0.9
206 39 414.51 177.32 439.05 194.1 0.9
207 1 589.84 175.34 633.57 218.75 0.9
207 36 474 176.18 535.02 223.87 0.9
207 38 540.18 177.65 567.85 202.47 0.9
207 40 562.42 177.56 580.09 192.8 0.9
208 1 590.25 174.06 633.13 217.69 0.9
208 36 458.01 175.43 528.42 228.26 0.9
208 38 535.52 176.41 566.15 202.86 0.9
208 40 560.58 176.01 578.92 192.15 0.9
209 36 437.08 175.94 518.63 238.09 0.9
209 1 590.2 174.72 633.32 218.28 0.9
209 38 530.83 177.95 563.33 205.95 0.9
209 40 559.92 177.86 577.96 193.95 0.9
210 1 590.11 177.61 633.09 220.84 0.9
210 38 525.74 180.4 559.98 210.38 0.9
210 36 408.98 179.54 506.28 250.91 0.9
210 40 556.86 180.2 576.56 197.36 0.9
210 41 403.73 177.6 436.96 196.22 0.9
211 38 519.3 182.4 556.86 213.85 0.9
211 1 590.07 179.37 633.19 222.32 0.9
211 36 367.82 179.61 490.43 265.36 0.9
211 40 555.61 182.24 575.88 200.08 0.9
212 38 511.97 182.34 552.22 217.07 0.9
212 1 589.71 179.2 633.05 222.3 0.9
212 36 307.31 179.75 465.06 287.74 0.9
212 40 553.62 182.28 575.33 201.04 0.9
213 38 503.28 180.32 548.59 218.26 0.9
213 1 590 177.81 632.58 220.84 0.9
213 36 208.88 178.85 433.09 324.06 0.9
213 40 550.88 180.53 574.23 200.29 0.9
214 38 492.87 179.7 543.55 220.88 0.9
214 1 590.05 176.24 632.78 218.89 0.9
214 36 16.182 177.14 378.45 376 0.9
214 40 548.49 179.67 573.09 200.46 0.9
214 42 392.81 176.04 419.27 195.84 0.9
215 38 479.49 178.63 537.62 225.66 0.9
215 1 589.91 175.95 632.51 218.87 0.9
215 36 1 180.33 283.13 375.44 0.9
215 40 545.43 179.67 571.75 201.34 0.9
215 42 386.81 176.21 416.68 195.9 0.9
216 1 589.76 176.36 632.29 218.85 0.9
216 38 462.41 179.1 529.87 232.63 0.9
216 40 542.73 180.07 569.91 203.03 0.9
216 42 383.23 176.26 413.38 196.22 0.9
216 43 568.62 178.47 586.19 193.77 0.9
217 1 590.08 177.21 632.2 219.1 0.9
217 38 440.68 179.56 519.5 242.55 0.9
217 40 539.46 179.9 568.84 205.33 0.9
217 42 379.37 176.39 410.4 196.91 0.9
217 43 568.29 178.51 585.91 194.4 0.9
218 38 412.44 180.47 506.89 252.95 0.9
218 1 590.17 177.86 631.95 219.6 0.9
218 40 535.2 180.87 566.65 206.96 0.9
218 42 374.92 176.47 406.56 197.43 0.9
218 43 567.65 178.95 585.59 195.37 0.9
219 1 590.22 178.77 632.15 220.74 0.9
219 40 531.29 182.01 564.45 209.69 0.9
219 38 369.08 181.84 489.84 269 0.9
219 42 369.68 176.78 404.72 199.38 0.9
219 43 566.14 180.11 584.65 196.54 0.9
220 1 590.69 180.51 632.1 222.21 0.9
220 40 526.42 183.54 562.22 213.42 0.9
220 38 303.38 183.61 461.44 296.21 0.9
220 43 564.87 181.96 583.23 198.45 0.9
220 42 367.87 178.69 398.26 204.07 0.9
221 1 590.99 181.68 631.84 223.04 0.9
221 38 186.51 184.21 425.54 342.44 0.9
221 40 520.22 184.82 559.69 216.64 0.9
221 43 563.87 183.02 582.99 200.06 0.9
221 42 360.45 179.06 397.68 203 0.9
222 40 513.33 185.3 555.85 220.03 0.9
222 1 591.23 181.45 632.25 223.03 0.9
222 38 8.434 185.91 362.84 375.87 0.9
222 42 355.33 180.32 390.9 203.1 0.9
222 43 562.29 183.18 582.6 200.4 0.9
223 1 591.16 180.5 632.46 222.72 0.9
223 40 504.67 185.63 552.04 223.28 0.9
223 38 1.993 192.23 236.32 372.62 0.9
223 42 350.03 180.08 386.27 203.31 0.9
223 43 559.8 182.34 581.09 200.73 0.9
224 1 591.74 179.68 632.47 221.52 0.9
224 40 494.59 184.37 547.7 226.65 0.9
224 42 344.3 178.81 381.77 202.94 0.9
224 43 558.01 181.14 580.27 200.33 0.9
225 1 591.74 179.15 632.57 221.01 0.9
225 40 482.6 184.45 541.98 232.15 0.9
225 42 338.16 178.83 376.27 203.57 0.9
225 43 555.12 180.81 578.83 200.9 0.9
225 44 570.74 172.73 592.83 193.57 0.9
226 1 592.45 178.78 632.52 219.79 0.9
226 42 331.73 177.76 371.09 203.43 0.9
226 43 553.33 179.88 577.7 201.06 0.9
226 40 466.84 185.12 535.98 238.23 0.9
227 1 592.79 177.63 633.08 219.1 0.9
227 42 324.83 176.6 365.33 203.03 0.9
227 40 445.41 185.09 526.24 245.56 0.9
227 43 550.29 179.4 576.91 201.78 0.9
228 42 316.89 176.39 359.58 203.21 0.9
228 1 592.63 177.46 632.67 218.53 0.9
228 40 416.24 186.11 514.45 258.72 0.9
228 43 546.49 178.96 574.79 202.75 0.9
229 1 592.2 177.64 632.14 218.61 0.9
229 42 307.86 176.67 352.86 204.24 0.9
229 40 373.28 188.04 495.64 277.07 0.9
229 43 542.86 179.3 572.05 204.99 0.9
230 1 591.24 178.83 631.42 219.26 0.9
230 43 537.95 180.1 569.3 207.32 0.9
230 42 299.74 177.09 344.87 205.52 0.9
230 40 306.86 188.33 470.95 306.21 0.9
231 1 590.58 177.32 630.72 218.41 0.9
231 43 531.99 179.52 565.37 208.38 0.9
231 42 288.34 176.46 336.04 206.44 0.9
231 40 180.67 189.25 434.61 358.59 0.9
232 42 277.92 176.73 327.13 206.48 0.9
232 1 590.06 177.27 630.01 217.89 0.9
232 43 526.12 179.16 561.5 210.18 0.9
232 40 2.987 197.6 373.23 376 0.9
232 45 560.07 170.45 585.98 194.22 0.9
233 1 589.12 179.08 628.84 219.14 0.9
233 42 266.89 177.98 317.69 208.88 0.9
233 43 518.34 180.45 557.75 214.13 0.9
233 40 3.772 207.37 248.96 372.67 0.9
234 43 508.91 181.15 553.47 217.21 0.9
234 1 588.28 179.86 627.69 219.65 0.9
234 42 253.63 177.95 309.3 209.87 0.9
235 43 498.06 179.14 548.37 219.11 0.9
235 1 587.47 177.46 627.18 217.52 0.9
235 42 240.32 175.94 297.68 209.19 0.9
236 43 485.67 178.9 542.09 223.19 0.9
236 42 226.06 174.66 286.69 209.2 0.9
236 1 586.17 176.88 626.18 216.64 0.9
237 42 211.52 175.5 275.13 210.75 0.9
237 1 585.86 177.73 625.09 216.4 0.9
237 43 470.13 179.76 533.29 228.79 0.9
238 1 585.56 178.12 624.39 216.57 0.9
238 42 194.85 176.01 263.2 212.34 0.9
238 43 450.12 180.44 525.51 236.82 0.9
239 42 177.19 175.66 250.01 213.96 0.9
239 1 585.33 177.69 623.63 216.02 0.9
239 43 423.34 180.02 512.5 247.14 0.9
240 1 585.14 177.53 623.62 215.72 0.9
240 43 388.97 180.52 497.43 260.14 0.9
240 42 159.07 175.59 236.3 216.01 0.9
240 46 406.33 179.7 430.62 195.69 0.9
241 1 585.02 178.02 623.52 215.98 0.9
241 42 138.13 175.74 221.09 218.33 0.9
241 43 335 180.5 476.61 281.31 0.9
242 1 584.94 178.25 623.26 216.19 0.9
242 43 246.48 182.91 446.35 315.88 0.9
242 42 116.36 175.85 205.26 221.17 0.9
242 47 396.21 180.93 425.42 198.46 0.9
242 48 562.66 179.02 581.05 194.69 0.9
243 1 584.99 178.13 623.11 216.18 0.9
243 43 78.189 181.78 398.12 375.55 0.9
243 42 91.801 175.81 188.37 223.16 0.9
243 47 394.84 181.01 420.52 197.02 0.9
244 1 584.91 178.1 622.82 216.25 0.9
244 43 9.763 191.25 312.05 376 0.9
244 42 62.601 174.69 171.07 227.91 0.9
244 47 390.07 181.46 417.27 197.69 0.9
245 42 33.35 176.38 146.36 229.56 0.9
245 1 584.87 178.09 622.8 215.78 0.9
245 47 384.72 181.36 412.87 198 0.9
245 43 1.478 211.61 88.012 374.76 0.9
245 49 555.88 179.84 577.44 196.97 0.9
246 1 584.82 178.13 622.7 215.78 0.9
246 42 5.192 175.75 123.74 231.72 0.9
246 47 380.02 181.28 408.64 198.58 0.9
246 49 555.6 179.79 576.03 197.12 0.9
247 1 584.75 177.67 622.57 215.17 0.9
247 42 2.467 175.14 96.182 233.35 0.9
247 47 374.94 180.65 404.32 198.25 0.9
247 49 553.42 178.53 575.81 196.99 0.9
248 1 584.76 177.96 622.41 215.34 0.9
248 47 369.47 181.02 399.63 198.88 0.9
248 49 551.02 177.67 573.26 197.76 0.9
248 42 1 176.13 65.661 234.73 0.9
249 1 585.02 179.38 622.09 217.06 0.9
249 47 362.56 182.88 395.04 200.78 0.9
249 49 548.62 180.62 572.45 200.83 0.9
250 1 584.76 180.71 622.28 218.35 0.9
250 47 357.88 184.03 389.64 203.17 0.9
250 49 545.89 181.7 570.74 202.64 0.9
251 1 584.71 179.94 622.27 217.87 0.9
251 47 351.14 184.19 384.82 203.51 0.9
251 49 542.47 182.03 568.51 203.59 0.9
252 1 584.67 179.04 621.99 216.58 0.9
252 49 539.64 179.95 567.2 203.63 0.9
252 47 345.05 183.94 380.39 203.16 0.9
253 1 584.62 178.81 622.03 216.28 0.9
253 49 535.64 180.46 565.07 205.42 0.9
254 1 584.41 178.44 622.45 215.72 0.9
254 49 531.19 180.24 563.07 206.38 0.9
255 1 584.6 178.27 622.34 215.58 0.9
255 49 526.76 179.25 560.66 207.38 0.9
255 50 549.68 180.42 571.1 197.95 0.9
256 49 522.02 180 558.21 209.82 0.9
256 1 584.96 178.49 622.72 215.85 0.9
256 50 547.49 180.76 569.26 198.69 0.9
257 1 585.6 179.13 622.41 216.35 0.9
257 49 515.58 180.66 554.4 212.7 0.9
257 50 545.31 182.37 568.45 201.19 0.9
257 51 378.57 182.13 410.66 200.96 0.9
258 1 585.68 179.06 622.82 216.16 0.9
258 49 508.78 180.1 551.06 215.52 0.9
258 52 295.38 185.35 338.5 209.28 0.9
258 50 541.22 182.12 566.78 202.56 0.9
258 51 379.82 183.38 407.96 200.33 0.9
259 52 285.29 181.97 331.21 207.02 0.9
259 1 585.86 174.77 622.99 211.95 0.9
259 49 501.81 176.07 548.15 213.87 0.9
259 50 538.01 178.55 565.53 199.78 0.9
259 51 374.97 180 404.09 197.6 0.9
259 53 556.63 174.5 576.42 192.17 0.9
259 54 393.52 178.89 420.6 195.19 0.9
260 52 274.51 180.59 322.38 205.85 0.9
260 49 491.36 175.34 543.57 217.17 0.9
260 1 586.26 173.44 623.1 210.32 0.9
260 50 535.05 176.28 563.68 199.38 0.9
260 51 370.1 177.96 400.23 196.3 0.9
260 54 389.88 176.99 418.07 194.01 0.9
260 53 555.68 172.84 575.58 191.46 0.9
261 52 263.29 182.9 312.78 208.98 0.9
261 1 586.65 176.22 623.45 213.77 0.9
261 49 479.83 178.18 538.82 224.16 0.9
261 51 363.07 181.03 396.16 199.41 0.9
261 50 531.48 179.47 561.22 203.47 0.9
261 54 383.73 179.53 413.55 196.69 0.9
261 53 552.95 175.96 573.87 194.81 0.9
262 52 250.41 183.56 302.63 210.5 0.9
262 1 586.37 178.12 623.65 215.13 0.9
262 49 463.66 180.36 532.12 231.89 0.9
262 51 357.29 181.72 389.67 200.5 0.9
262 50 526.13 181.02 558.71 207.09 0.9
262 53 550.35 177.58 572.9 198.39 0.9
262 54 378.79 180.24 409.62 197.76 0.9
263 52 237.16 181.43 291.93 209.57 0.9
263 1 586.82 176.37 623.96 214.06 0.9
263 49 444.97 178.12 524.2 236.92 0.9
263 50 521.5 179.82 556.26 206.38 0.9
263 51 350.68 179.81 385.73 199.04 0.9
263 54 372.23 178.39 404.84 196.79 0.9
263 53 547.8 176.3 571.12 197.36 0.9
264 52 222.03 179.7 279.94 209.21 0.9
264 1 586.78 174.54 624.18 212.07 0.9
264 49 419 176.47 513.34 246.74 0.9
264 50 515.36 178.31 552.51 206.74 0.9
264 53 545.54 174.09 569.84 196.61 0.9
264 54 366.33 176.89 399.93 195.16 0.9
264 51 343.27 177.8 379.19 198.03 0.9
265 52 205.82 178.49 267.3 208.81 0.9
265 1 586.52 173.46 623.66 210.47 0.9
265 49 382.94 176.3 499.14 257.17 0.9
265 50 508.34 177.38 548.18 208.06 0.9
265 53 541.18 172.75 567.88 196.81 0.9
265 51 336.05 176.13 372.46 196.73 0.9
265 54 361.61 175.27 395.65 193.76 0.9
266 52 187.13 179.14 252.56 210.66 0.9
266 1 585.75 173.9 623.48 211.04 0.9
266 50 497.87 176.12 543.18 211.3 0.9
266 49 330.27 177.16 478.06 278.09 0.9
266 53 536.75 173.08 565.6 198.77 0.9
266 51 327.32 175.85 365.72 197.5 0.9
266 54 352.31 176.29 386.72 195.23 0.9
266 55 559.71 176 578.27 190.85 0.9
267 52 168.58 179.72 236.12 212.18 0.9
267 49 243.29 182.78 446.47 312.41 0.9
267 1 585.31 174.22 622.95 211.82 0.9
267 50 486.2 177.44 538.22 215.33 0.9
267 53 533.21 173.77 562.8 200.41 0.9
267 55 556.87 176.16 575.73 191.41 0.9
268 52 145.11 180.37 220.95 214.23 0.9
268 1 584.99 174.78 622.45 212.67 0.9
268 49 75.166 179.11 408.8 374.9 0.9
268 50 474.25 177.67 531.69 220.7 0.9
268 53 527.79 174.04 559.73 202.31 0.9
268 56 322.48 174.45 376.05 201 0.9
269 1 584.9 174.87 622.48 212.78 0.9
269 53 523.13 174.24 557.95 204.22 0.9
269 49 10.614 184.05 334.74 374.6 0.9
269 56 299.2 177.94 341.37 201.35 0.9
269 50 459.94 178.31 524.53 226.2 0.9
269 57 330.67 177.13 371.56 198.01 0.9
270 1 585.04 174.51 622.8 212.28 0.9
270 53 518.32 173.49 554.85 205.62 0.9
270 56 289.67 177.97 333.46 202.12 0.9
270 49 2.394 191.48 201.57 375.17 0.9
270 58 97.55 181.68 183.87 219.93 0.9
270 57 323.91 177.13 366.29 198.53 0.9
270 50 440.37 178.73 516.06 232.26 0.9
271 1 585.67 174.31 623.24 212.55 0.9
271 56 280.16 178.39 326.77 203.15 0.9
271 53 513.12 173.74 551.95 208.05 0.9
271 57 316.47 177.18 360.85 199.18 0.9
271 50 414.21 179.5 506.88 243.15 0.9
271 58 69.068 182.03 163.56 222.47 0.9
271 59 550.04 177.45 572.58 194.41 0.9
272 1 586.32 174.62 623.7 212.39 0.9
272 53 506.17 173.71 549.29 210.51 0.9
272 56 269.74 178.26 318.61 204.12 0.9
272 57 307.05 177.34 354 200.32 0.9
272 50 382.22 180.88 491.42 253.76 0.9
272 58 38.443 183.2 139.5 226.25 0.9
272 59 546.93 177.47 570.59 196.18 0.9
273 56 259.45 178.82 309.19 204.71 0.9
273 1 587.05 174.7 624.61 212.68 0.9
273 53 499.21 173.78 546.61 214.06 0.9
273 58 6.789 182.24 115.16 227.85 0.9
273 57 298.23 177.64 347.51 201.5 0.9
273 50 334.8 182.14 471.62 271.09 0.9
273 59 545.06 177.67 570.47 197.69 0.9
274 56 246.99 179.04 300.03 205.92 0.9
274 50 261.68 184.26 446.22 298.44 0.9
274 53 489.55 173.92 542.85 218.15 0.9
274 1 587.51 175.08 625.55 213.05 0.9
274 58 1.717 182.94 87.547 231.34 0.9
274 57 287.62 177.8 340.11 202.3 0.9
274 59 541.62 178.06 568.71 199.09 0.9
275 1 587.88 174.92 625.95 212.94 0.9
275 50 125.67 185.61 404.13 346.86 0.9
275 53 477.65 173.37 536.25 222.3 0.9
275 56 230.98 178.75 291.66 208 0.9
275 59 538.84 178.7 567.47 200.31 0.9
275 58 1.247 182.28 57.192 230.53 0.9
275 57 279.79 178.36 337.34 208.31 0.9
276 1 588.32 175.16 626.25 212.93 0.9
276 50 7.762 190.3 337.27 375.75 0.9
276 53 463.18 173.55 530.52 228.01 0.9
276 59 535.32 179.29 565.6 202.05 0.9
276 57 267.05 177.99 322.81 204.45 0.9
276 56 216.39 179.17 275.53 208.81 0.9
277 57 254.53 179.17 313.17 205.69 0.9
277 56 201.09 180.21 263.67 210.54 0.9
277 1 588.56 175.54 626.47 213.29 0.9
277 53 444.79 173.02 521.05 234.89 0.9
277 50 5.205 196.55 232.33 373.86 0.9
277 59 531.17 179.48 562.82 203.39 0.9
278 57 240.69 179.01 303.81 206.72 0.9
278 53 419.87 173.1 510.94 243.77 0.9
278 56 184.23 180.37 249.77 211.61 0.9
278 1 588.77 175.31 626.85 213.32 0.9
278 59 526.4 179.56 560.4 205.34 0.9
279 56 164.75 180.42 234.28 212.9 0.9
279 1 588.82 175.15 627.17 213.33 0.9
279 53 386.44 171.51 496.2 255 0.9
279 57 226.79 178.92 293.56 208.04 0.9
279 59 520.58 179.05 556.88 206.42 0.9
280 57 210.09 179.09 280.1 209.26 0.9
280 1 589.02 175.02 627.49 213.57 0.9
280 56 142.21 180.31 218.19 215.2 0.9
280 59 514.23 179.75 553.26 209.07 0.9
280 53 335.31 170.55 477.31 275.24 0.9
281 57 191.37 179.11 268.08 210.93 0.9
281 1 589.26 175.27 627.71 214.13 0.9
281 56 117.56 180.59 201.09 217.6 0.9
281 59 505.7 179.63 548.91 212.79 0.9
281 53 254.57 168.09 447.32 306.95 0.9
282 1 589.38 175.86 627.92 214.9 0.9
282 59 495.73 181.24 545.82 215.68 0.9
282 53 104.38 166.83 409.04 362.61 0.9
282 56 92.644 182.23 179.38 220.51 0.9
282 57 173.34 179.8 247.66 211.79 0.9
283 1 589.75 176.19 628.36 215.13 0.9
283 59 484.19 181.01 540.26 220.89 0.9
283 53 4.308 154.21 342.49 374.1 0.9
284 1 590.09 175.88 628.54 214.93 0.9
284 59 470.34 182.21 534.18 225.27 0.9
284 53 1 161.12 198.6 374.02 0.9
284 60 131.73 181.27 223.15 216.96 0.9
285 1 590.4 175.78 629.02 214.79 0.9
285 53 5.31 181.88 106.95 228.41 0.9
285 59 451.81 182.43 525.58 231.8 0.9
285 60 102.64 181.11 202.62 219.92 0.9
286 1 590.31 176.1 629.21 215.21 0.9
286 60 70.651 180.99 183.39 222.93 0.9
286 59 429.68 182.66 517.55 240.4 0.9
286 53 1.451 181.43 75.17 229.78 0.9
287 1 590.55 175.74 629.52 215 0.9
287 59 399.71 184.14 502.75 252.24 0.9
287 60 36.934 181.15 160.52 225.02 0.9
287 53 1.317 180.36 41.531 231.33 0.9
288 59 357.36 184.57 485.89 268.22 0.9
288 1 590.64 174.93 629.88 214.87 0.9
288 60 7.118 180.14 138.65 226.21 0.9
289 1 590.88 174.45 630.08 213.8 0.9
289 59 292.41 185.6 460.56 289.98 0.9
289 60 2.202 179.93 111.65 228.99 0.9
290 59 181.61 190.07 422.54 330.56 0.9
290 1 591.13 174.24 630.42 213.91 0.9
290 60 1.665 179.56 85.633 229.51 0.9
291 1 591.7 173.85 630.9 213.47 0.9
291 59 11.181 191.08 371.94 375.65 0.9
291 60 1 175.67 56.64 228.08 0.9
292 1 591.73 173.59 631.15 213.02 0.9
292 59 3.028 200.3 281.04 376 0.9
293 1 591.84 173.67 631.46 213.33 0.9
294 1 592.14 174.19 631.83 214.47 0.9
295 1 592.35 175.56 631.82 215.59 0.9
296 1 592.46 176.4 632.11 216.24 0.9
297 1 592.73 175.3 632.27 215.46 0.9
